"Phone 1
"While 1
#10 2
#10- 2
#10-4 2
#2 2
& 2
'N' 1
'Spel-Binder' 2
(20Lb. 2
(28Lb. 1
(yellow, 1
*Special 1
*Staples* 2
, 2
- 2
-0.01 1
-0.06 1
-0.12 1
-0.17 1
-0.79 1
-0.95 1
-1.22 1
-1.33 1
-1.88 1
-10.25 1
-10.30 1
-10.48 1
-10.73 1
-10.74 1
-100.51 1
-1003.58 1
-101.25 1
-1011.32 1
-103.27 1
-103.65 1
-104.25 1
-104.96 1
-1048.25 1
-105.14 1
-1059.20 1
-106.40 1
-106.51 1
-108.28 1
-1086.43 1
-109.10 1
-11.40 1
-11.68 1
-11.69 1
-11.80 1
-11.83 1
-110.93 1
-11053.60 1
-1115.99 1
-112.44 1
-112.62 1
-1129.96 1
-115.54 1
-116.45 1
-116.76 1
-116.79 1
-1163.21 1
-117.27 1
-118.82 1
-119.02 1
-119.08 1
-119.62 1
-119.66 1
-119.84 1
-1195.29 1
-12.16 1
-12.25 1
-12.38 1
-12.46 1
-12.80 1
-12.82 1
-12.95 1
-120.08 1
-120.45 1
-120.99 1
-1207.18 1
-122.77 1
-123.87 1
-124.25 1
-125.36 1
-127.39 1
-127.56 1
-1274.02 1
-129.01 1
-129.53 1
-13.27 1
-13.33 1
-13.95 2
-130.88 1
-131.31 1
-131.48 1
-131.82 1
-133.68 1
-136.20 1
-138.82 1
-1396.22 1
-14.10 1
-14.23 1
-14.31 1
-14.33 1
-14.75 1
-141.27 1
-141.76 1
-1414.41 1
-142.30 1
-1430.45 1
-144.20 1
-144.27 1
-144.43 1
-144.55 1
-144.76 1
-145.78 1
-146.97 1
-147.27 1
-147.36 1
-147.81 1
-149.09 1
-15.44 1
-151.46 1
-153.25 1
-154.66 1
-157.44 1
-157.63 1
-158.87 1
-158.93 1
-16.07 1
-160.46 1
-160.68 1
-160.95 1
-162.24 1
-162.37 1
-164.46 1
-164.59 1
-1640.51 1
-165.60 1
-166.85 1
-166.92 1
-168.95 1
-17.37 1
-17.38 1
-17.68 1
-17.75 1
-170.53 1
-172.48 1
-172.88 1
-173.15 1
-175.13 1
-175.86 1
-1759.58 1
-1766.01 1
-1775.83 1
-18.19 1
-18.25 1
-18.34 1
-180.20 1
-183.36 1
-183.60 1
-183.68 1
-186.33 1
-187.75 1
-188.53 1
-188.58 1
-189.35 1
-19.32 1
-19.33 2
-19.44 1
-19.68 1
-190.41 1
-191.22 1
-191.28 1
-191.49 1
-192.92 1
-193.44 1
-193.48 1
-196.06 1
-1975.26 1
-2.06 1
-2.31 1
-20.27 1
-20.33 1
-20.65 1
-202.58 1
-204.65 1
-206.46 1
-2088.68 1
-209.61 1
-21.10 1
-21.20 1
-21.41 1
-21.48 1
-21.49 1
-21.77 1
-21.85 1
-210.14 1
-210.97 1
-211.13 1
-213.25 1
-213.32 1
-214.39 1
-219.38 1
-22.12 1
-22.28 1
-22.45 1
-22.90 1
-226.36 1
-23.24 1
-232.24 1
-232.99 1
-234.59 1
-234.79 1
-235.56 1
-236.27 1
-24.86 1
-240.83 1
-243.02 1
-243.24 1
-245.56 1
-246.30 1
-250.17 1
-253.11 1
-257.11 1
-261.61 1
-264.28 1
-267.01 1
-268.36 1
-269.91 1
-27.26 1
-27.31 1
-27.34 1
-27.53 1
-27.72 1
-27.92 1
-270.00 1
-270.63 1
-277.78 1
-28.15 1
-28.34 1
-28.46 1
-280.28 1
-2816.34 1
-282.61 1
-287.28 1
-29.02 1
-296.37 1
-3.05 1
-3.06 1
-3.64 1
-3.68 1
-3.88 1
-3.96 1
-30.26 1
-30.48 1
-30.54 1
-30.72 1
-30.92 1
-303.62 1
-3061.82 1
-31.45 1
-31.83 1
-311.05 1
-32.06 1
-32.42 1
-32.48 1
-32.65 1
-32.82 1
-326.97 1
-328.18 1
-328.36 1
-329.49 1
-33.03 1
-33.69 1
-33.82 1
-33.93 1
-338.27 1
-34.09 1
-34.79 1
-34.98 1
-343.47 1
-35.08 1
-35.34 1
-35.94 1
-354.90 1
-355.94 1
-36.78 1
-367.00 1
-37.06 1
-37.39 1
-37.52 1
-375.64 1
-3755.03 1
-379.29 1
-38.72 1
-382.38 1
-39.92 1
-39.96 1
-393.96 1
-4.01 1
-4.06 1
-4.19 1
-4.43 1
-4.49 1
-4.61 1
-4.72 1
-41.01 1
-41.26 1
-41.75 1
-41.87 1
-413.33 1
-42.38 1
-42.99 1
-429.86 1
-43.10 1
-43.21 1
-43.36 1
-43.45 1
-43.50 1
-43.75 1
-43.96 1
-434.56 1
-44.07 1
-44.14 1
-44.18 1
-44.81 1
-44.92 1
-443.78 1
-45.10 1
-45.82 1
-457.16 1
-46.03 1
-46.25 1
-46.89 1
-46.98 1
-47.12 1
-47.75 1
-47.97 1
-478.22 1
-48.20 1
-48.88 1
-481.04 1
-488.31 1
-49.31 1
-49.60 1
-5.41 1
-5.45 1
-5.53 1
-5.77 1
-5.92 1
-50.33 1
-50.82 1
-50.88 1
-514.32 1
-517.17 1
-517.47 1
-52.92 1
-521.09 1
-53.08 1
-53.62 1
-533.23 1
-539.59 1
-54.04 1
-54.58 1
-54.75 1
-541.87 1
-547.61 1
-549.27 1
-55.13 1
-554.44 1
-5572.39 1
-56.06 1
-56.12 1
-56.45 1
-564.74 1
-57.75 1
-57.99 1
-575.35 1
-58.34 1
-580.32 1
-59.20 1
-59.91 1
-599.54 1
-6.22 1
-6.33 2
-6.38 1
-6.53 1
-6.68 1
-6.71 1
-60.39 1
-61.21 1
-61.59 1
-62.43 1
-62.73 1
-62.84 1
-628.38 1
-63.19 1
-63.70 1
-63.72 1
-634.87 1
-635.65 1
-635.69 1
-639.47 1
-647.14 1
-65.18 1
-65.33 1
-65.42 1
-655.42 1
-66.05 1
-66.35 1
-662.80 1
-67.28 1
-67.79 1
-678.63 1
-68.22 1
-68.98 1
-69.91 1
-690.21 1
-695.26 1
-7.04 1
-7.06 1
-7.26 1
-7.39 1
-7.51 1
-7.61 1
-7.73 1
-7.86 1
-70.04 1
-70.54 1
-70.68 1
-70.97 1
-704.66 1
-71.03 1
-712.14 1
-72.28 1
-72.43 1
-73.14 1
-73.66 1
-734.33 1
-743.96 1
-75.71 1
-76.11 1
-76.86 1
-77.18 1
-77.28 1
-77.34 1
-77.89 1
-78.02 1
-78.36 1
-78.96 1
-79.35 1
-79.72 1
-8.02 1
-8.08 1
-8.15 1
-8.24 1
-8.38 2
-8.42 1
-8.47 1
-80.05 1
-80.83 1
-801.09 1
-803.52 1
-807.89 1
-82.16 1
-82.83 1
-83.95 1
-846.73 1
-85.91 1
-86.20 1
-86.62 1
-86.68 1
-87.27 1
-87.96 1
-871.52 1
-88.61 1
-88.75 1
-89.42 1
-9.45 1
-90 1
-90.14 1
-912.08 1
-92.58 1
-92.96 1
-93.93 1
-94.36 1
-94.76 1
-94.79 1
-942.50 1
-945.56 1
-95.54 1
-95.92 1
-96.34 1
-97.23 1
-97.28 1
-97.54 1
-98.05 1
-98.30 1
-98.31 2
-99.34 1
-99.55 1
-99.76 1
-996.67 1
-998.94 1
0.35 2
0.36 2
0.37 2
0.38 2
0.39 2
0.4 2
0.41 2
0.42 2
0.43 2
0.44 2
0.45 2
0.46 2
0.47 2
0.48 2
0.49 2
0.5 2
0.51 2
0.52 2
0.53 2
0.54 2
0.55 2
0.56 2
0.57 2
0.58 2
0.59 2
0.6 2
0.61 2
0.62 2
0.63 2
0.64 2
0.65 2
0.66 2
0.67 2
0.68 2
0.69 2
0.7 2
0.71 2
0.72 2
0.73 2
0.74 2
0.75 2
0.76 2
0.77 2
0.78 2
0.79 2
0.8 2
0.81 2
0.82 1
0.83 2
0.84 1
0.85 2
0.88 1
0.93 2
0.94 1
0.95 1
0.96 2
0.99 2
1 1
1" 2
1, 2
1-Part 1
1.01 1
1.02 1
1.06 1
1.12 1
1.17 1
1.2 2
1.22 1
1.25 2
1.26 2
1.3 1
1.32 2
1.34 2
1.35 1
1.39 2
1.46 1
1.48 1
1.49 2
1.5 1
1.56 1
1.57 2
1.6 1
1.61 1
1.68 2
1.7 2
1.72 1
1.74 1
1.76 1
1.79 1
1.8 1
1.81 1
1.86 1
1.88 2
1.89 1
1.91 1
1.92 1
1.97 1
1.99 2
1/2 2
1/2" 2
1/2", 2
1/2"H 1
1/4", 1
1/4"D 1
1/4"X8 1
1/8 1
1/8" 2
1/8"W 1
10 1
10-Digit 1
10-Outlet, 1
10.01 2
10.06 1
10.14 1
10.25 1
10.29 1
10.31 1
10.4 1
10.48 1
10.49 2
10.51 1
10.55 1
10.64 1
10.67 1
10.68 2
10.75 1
10.89 1
10.9 1
10.91 2
2.58 1
2.6 2
2.61 2
2.78 2
2.82 1
2.83 1
2.84 2
2.85 2
2.87 2
2.88 2
2.89 2
2.94 1
2.97 1
2.99 2
2/Pack 2
20 2
20" 1
20-1/2h, 1
20.08 1
20.15 1
20.21 1
20.23 1
20.24 2
20.27 1
20.34 1
20.89 1
20.95 2
20.97 2
20.98 2
20.99 2
200 2
200.97 1
200.98 1
200.99 2
200/Pack 1
20007 1
20033 1
20071 1
201 1
20160 1
20194 1
202 1
202.87 1
20263 1
203 1
20322 1
204 1
204.1 1
204.74 1
20422 1
20448 1
205 1
205.83 1
205.99 2
206 1
207 1
207.48 1
208 1
208.16 2
209 1
2090 1
2093.70 1
21 1
21.26 1
21.38 2
21.42 1
21.62 1
21.66 1
21.78 1
21.92 1
21.98 1
210 1
210.55 1
21024 1
2109.21 1
211 1
2113.95 1
212 1
212.06 1
21223 1
21285 1
213 2
21378 1
21383 1
214 1
215 1
21509 1
21542 1
2155.41 1
216 1
216.12 1
216.6 2
21607 1
2160i 2
21636 1
217 1
217.06 1
2176.19 1
218 1
218.08 1
218.72 1
218.73 1
218.75 1
2180 1
21856 1
21889 1
21892 1
219 1
22 1
22' 1
22.23 1
22.38 1
22.46 1
22.72 1
22.84 1
22.98 2
22.99 1
220 2
220.39 1
2200 1
221 1
221.18 1
221.81 1
22119 1
22151 1
222 1
223 1
223.76 1
223.98 1
2230 1
22342 1
224 1
22469 2
225 1
225.02 1
225.04 1
22501 1
22532 1
22534 1
226 2
226.67 2
22629 1
22656 1
22695 1
227 2
2275 1
2277 1
2279 1
228 1
229 1
22980 1
23 1
23.19 2
23.48 1
23.58 1
23.76 1
23.82 1
23.99 2
230 1
23011 1
23076 1
231 1
232 1
232.44 1
23264 1
233 1
2332.40 1
2339 1
234 1
2342.21 1
23488 1
235 1
23584 1
236 1
2369.84 1
237 1
238 1
238.4 1
239 1
23907 1
24 2
24-lb 2
24.06 1
24.28 1
24.49 2
24.56 1
24.60 1
24.92 2
240 1
240.41 1
24007 1
24038 2
24064 1
24067 1
24070 1
24097 1
241 1
24128 1
24132 1
242 1
24294 1
243 1
243.98 2
2437.17 1
24387 1
24388 1
244 1
24451 1
245 1
24515 1
24576 1
246 1
2465 1
247 1
24737 1
24743 1
248 1
24806 1
24871 1
249 1
24965 1
25 1
25% 1
25.04 1
25.38 2
25.95 1
25.98 1
25/Bx 1
250 1
250.47 1
2509.52 1
251 1
25154 1
252 2
252.66 1
25248 1
253 1
2530 1
25315 1
25318 1
2532 1
25376 1
25377 1
254 1
25475 1
2549.40 1
255 1
2550.14 1
256 1
256.66 1
25634 1
257 1
257.32 1
25733 1
25767 1
258 1
258.01 1
259 1
259.71 1
26 1
26.09 1
26.11 1
26.2 2
26.21 1
26.22 2
26.27 1
26.3 1
26.31 2
26.38 1
26.48 1
26.66 1
26.74 1
26.92 1
26.94 1
260 1
260.98 1
26023 1
26051 1
2608.72 1
261 2
261.24 1
26116 1
26182 1
262 1
262.11 1
26240 1
26272 1
263 1
2631 1
26370 1
26373 1
264 1
26499 1
265 1
26531 1
26567 1
266 1
2665.40 1
267 1
267.16 1
267.64 1
26791 1
268 1
268.32 1
26854 1
269 1
26978 1
2699.67 1
27 1
27.18 1
27.22 1
27.48 1
27.75 1
27.86 1
270 1
270.69 1
270.97 2
270.98 1
2700 2
270c 1
271 1
271.78 1
271.87 1
27105 1
27109 1
27111 1
27174 1
272 1
27264 1
273 1
27392 1
274 1
274.90 1
275 1
27553 1
27555 1
2757 1
276 1
276.2 2
2763.13 1
27680 1
277 1
27778 1
278 1
278.12 1
27876 1
279 1
279.48 2
279.74 1
279.81 2
27909 1
2791 1
2795.36 1
28 2
28.06 2
28.15 1
28.16 2
28.28 2
28.48 2
28.53 2
28.63 1
28.66 1
28.71 1
28.99 1
280 1
280.98 2
28003 1
28035 1
28068 1
2808.22 1
281 1
28135 1
28165 1
282 1
282.18 1
2825.15 1
28289 1
283 1
284 1
284.98 1
2848 1
28486 1
285 1
28582 1
286 1
28675 1
287 1
288 1
28802 1
2883 1
28836 1
28839 1
28868 1
28870 1
28871 1
289 1
28995 1
29 1
29" 1
29.14 1
29.18 1
29.21 2
29.33 1
29.62 1
29.68 1
29.7 1
29.74 2
29.89 1
290 1
290.98 1
29030 1
29095 1
291 1
291.73 2
29121 1
292 1
29252 1
29287 1
293 1
29319 1
29382 1
294 2
29445 1
295 1
29510 1
296 1
296.18 1
2969.81 1
297 1
297.11 1
297.64 1
2976 1
29762 1
29795 1
298 1
298.48 1
29857 1
29861 1
299 1
299.05 1
299.59 1
29921 1
2HD 1
3 2
3" 1
3-1/8" 2
3-Hole 1
3-Ring 2
3-Shelf 1
3.04 1
3.08 2
3.14 2
3.15 1
3.26 1
3.28 1
3.29 1
3.3 2
3.31 1
3.34 1
3.36 1
3.37 2
3.38 1
3.48 1
3.5 2
3.5" 2
3.5", 1
3.5, 1
3.52 1
3.57 1
3.58 2
3.61 1
3.63 2
3.68 2
3.69 2
3.7 1
3.75 2
3.78 1
3.8 2
3.81 1
3.89 2
3.9 2
3.92 1
3.93 1
3.95 2
3.97 1
3.98 1
3.99 2
3/16" 1
3/4" 2
3/6 1
3/8 1
3/Pack 2
3/pkg 1
30 2
30-37h, 1
30.42 1
30.44 1
30.48 1
30.53 1
30.56 1
30.63 1
30.73 2
30.93 1
30.94 1
30.98 2
30/Box 1
30/Pack 1
300 1
300.65 1
300.97 1
300.98 2
300/Messages 1
3000 2
30048 1
301 1
302 1
302.80 1
30243 1
303 1
3030.16 1
30372 1
304 1
304.42 1
3049.45 1
30499 1
305 1
3051.62 1
306 1
30658 1
30659 1
30660 1
307 1
307.64 1
308 1
30883 1
309 1
30947 1
30d 1
31 1
31.21 1
31.76 1
31.78 2
310 1
31077 1
311 1
311.64 1
31111 1
31169 1
312 2
3122.78 1
31270 1
313 1
313.58 1
31364 1
31393 1
314 2
31492 1
315 2
31558 1
316 1
31618 1
31684 1
317 1
31781 1
318 1
319 1
319.10 1
319.52 1
31941 1
32 1
32.19 1
32.48 1
32.86 1
32.87 1
32.98 2
320 1
320.98 1
321 1
32193 1
32199 1
322 1
32229 1
323 2
3232 1
32327 1
324 1
324.93 1
32418 1
325 1
326 1
326.43 1
32676 1
327 1
32743 1
3277.57 1
328 1
328.00 1
32806 1
32835 1
3285 1
32869 1
32871 1
329 1
33 1
33.50 1
33.6 1
33.67 1
33.80 1
33.94 1
33.98 1
330 1
330.63 1
331 1
33123 1
33159 1
33186 1
332 1
333 1
33377 1
334 1
33444 1
335 2
336 2
33600 1
3362 1
33632 1
33665 1
337 2
337.04 1
33703 1
33734 1
33763 1
338 1
3387.35 1
33888 1
500.98 1
5000 1
5000/Box 1
50081 1
501 1
501.51 1
50117 1
502 1
50210 1
50278 1
503 1
50374 1
504 1
50404 1
505 1
50503 1
50565 1
506 2
506.86 1
50688 1
507 2
50754 1
50784 1
508 1
50816 1
50850 1
509 1
50914 1
51 1
51.30 1
51.36 1
51.65 1
51.75 1
51.82 1
51.90 1
51.94 2
510 2
5100 1
51073 1
51075 1
511 1
51169 1
512 1
5125 1
513 1
514 1
514.07 1
51461 1
515 2
5153 1
51558 1
51584 1
516 1
5165 1
517 1
518 1
5185 1
51879 1
519 1
519.25 1
51938 1
51970 1
51971 1
52 2
52.02 1
52.2 1
52.35 1
52.53 1
52.56 1
52.71 1
52.99 1
520 1
520.69 1
521 1
52130 1
52193 1
522 1
52201 1
52288 1
523 1
523.43 1
52321 1
52386 1
524 1
52482 1
525 1
526 1
527 1
528 1
52807 1
5284 1
529 1
52929 1
52964 1
53 1
53.03 1
53.48 1
530 1
531 1
53156 1
5316 1
5318 1
53190 1
532 1
5322.14 1
533 1
534 1
53410 1
53477 1
535 1
53508 1
53511 1
5353.19 1
53536 1
53572 1
536 1
536.87 1
537 1
53703 1
53797 1
538 1
53825 1
5386.32 1
53863 1
539 1
539.54 1
53990 1
54 1
54.11 1
54.12 1
54.46 1
54.74 2
54.90 1
54.92 2
54.96 1
540 1
54083 1
5409 1
541 1
54115 1
54119 1
542 1
542.16 1
54274 1
54276 1
543 1
544 1
54437 1
5446 1
545 1
545.11 1
545.49 1
54501 1
54528 1
54567 1
546 1
54628 1
547 1
54753 1
548 1
549 1
549.99 1
55 1
55.24 1
55.29 1
55.48 1
55.5 1
55.94 1
55.98 1
55.99 2
550 1
550.98 1
5504 1
5506 1
551 1
55138 1
552 1
552.97 1
55271 1
55298 1
553 1
55331 1
55363 1
55366 1
554 1
555 1
5550 1
556 1
55618 1
5569 1
557 1
557.60 1
55715 1
558 1
55875 1
559 1
56 1
56.14 1
56.2 1
56.26 1
56.44 1
56.96 1
560 1
5607 1
561 1
562 1
56224 1
5626.42 1
56293 1
563 1
564 1
56453 1
565 1
566 1
56645 1
567 1
568 1
56803 1
569 1
569.57 1
56K 2
57 2
57.31 1
57.38 2
570 1
571 1
57127 1
57159 1
572 1
573 1
57344 1
574 1
574.74 1
575 1
575.33 1
57507 1
57509 1
576 1
57600 1
577 1
578 1
578.14 1
579 1
57922 1
57959 1
58 1
58.08 1
58.1 1
58.14 1
58.23 1
58.92 2
58.95 1
580 1
580.15 1
58055 1
581 1
58117 1
58144 1
58150 1
582 1
58278 1
583 1
58340 1
58368 1
584 1
584.15 1
58434 1
585 1
58500 1
58502 1
586 1
58626 1
58688 1
587 1
58788 1
588 1
589 1
5894 1
58947 1
59 1
59.78 1
59.84 1
59.98 2
590 1
590.77 1
59045 1
59047 1
59074 1
591 1
592 1
59202 1
59207 1
59233 1
59234 1
5925 1
593 1
59395 1
594 1
59425 1
595 1
59558 1
59584 1
59585 1
596 1
59651 1
597 1
59750 1
598 1
5988 1
599 1
599.99 1
6 3
6" 2
6.02 1
6.04 1
6.05 2
6.07 1
6.08 1
6.13 2
6.15 1
6.18 2
6.22 1
6.25 1
6.26 1
6.27 2
6.28 2
6.3 2
6.35 2
6.37 1
6.41 1
6.46 1
6.47 1
6.48 2
6.5 2
6.54 1
6.55 1
6.57 1
6.6 2
6.64 2
6.65 1
6.67 2
6.68 2
6.7 1
6.71 1
6.74 1
6.75 2
6.78 1
6.81 1
6.83 1
6.84 2
6.88 2
6.89 2
6.92 1
6.93 2
6.97 1
6.98 1
60 2
60" 2
60", 1
60.22 1
60.49 1
60.72 1
60.98 2
600 2
601 1
6016 1
602 1
603 1
604 1
605 1
606 1
607 1
608 1
609 1
61 1
610 1
610.90 1
611 1
6115 1
6116 1
612 1
6122 1
613 2
614 1
615 1
616 1
6160 1
617 1
618 1
6182 1
6185 1
619 1
6190 1
62 1
62.05 1
62.74 1
620 1
621 1
622 1
623 1
624 1
625 1
626 1
627 1
628 1
629 1
63 1
63.46 1
63.83 1
63.94 1
630 1
630.28 1
630.70 1
631 1
631.99 1
632 1
633 1
6337 1
634 1
635 1
636 1
636.18 1
636.20 1
637 1
638 1
639 1
64 1
64.01 1
64.2 2
64.73 2
64.98 2
640 1
641 1
642 1
643 2
6434 1
644 1
645 2
646 1
647 1
648 1
649 1
649.80 1
65 1
65.41 1
65.82 1
65.99 2
650 1
650.56 1
650.73 1
6500 1
651 1
652 1
653 1
6535 1
654 1
655 1
656 1
657 1
658 1
659 1
66 1
66" 1
66.17 1
66.27 2
66.67 1
66.97 1
66.99 1
660 1
661 1
662 1
663 1
664 1
665 1
666 1
667 1
668 1
669 1
67 1
67.28 1
67.84 2
67.86 1
67.96 1
670 1
671 1
672 1
673 1
673.77 1
674 1
675 1
676 1
676.13 1
677 1
678 2
678.26 1
679 1
68 1
68.02 2
68.44 1
68.81 1
68.89 1
680 1
681 1
682 1
683 1
684 1
685 1
686 1
687 1
688 1
6884 1
689 1
69 2
69.3 1
69.55 1
69.64 1
690 1
6907.61 1
691 1
6916 1
692 1
693 1
694 1
695 1
695.06 1
696 1
697 1
698 1
6980 1
6982 1
699 1
699.99 2
7 3
7" 1
7.01 2
7.03 1
7.04 1
7.07 2
7.08 1
7.1 2
7.11 1
7.15 1
7.18 1
7.19 2
7.23 2
7.27 2
7.28 1
7.3 1
7.31 2
7.34 1
7.38 1
7.4 1
7.45 1
7.46 1
7.47 1
7.49 1
7.5 2
7.51 2
7.58 1
7.59 2
7.64 2
7.69 2
7.72 1
7.77 1
7.78 2
7.84 1
7.86 2
7.89 1
7.95 1
7.96 1
7.98 1
7.99 1
7/8 1
7/8" 2
70 1
70.2 2
70.39 1
70.71 1
70.80 1
70.98 1
700 1
701 1
702 1
703 1
704 1
705 1
706 1
707 1
707.15 1
708 1
709 1
709.33 1
71 1
71.37 2
71.56 1
71.77 1
710 1
711 1
7110 1
712 1
713 1
7136 1
714 1
715 1
715.18 1
716 1
7160 1
717 1
717.12 1
718 1
719 1
72 2
72.51 1
720 1
721 1
722 1
723 1
724 1
725 1
726 1
727 1
728 1
729 1
73 1
73.18 1
73.19 1
73.53 1
73.98 1
730 1
731 1
732 1
733 1
734 1
734.75 1
735 1
Memo 1
Memo" 1
Memorex 2
Message 2
Message, 1
Messages 2
Metal 2
Metallic 1
Metals 2
Michelle 2
Micro 2
Microsoft 2
Mid 1
Mid-Back 2
Mid-Size 2
Mighty 1
Mike 1
Miller 2
Mills 1
Miner 1
Mini 2
Minnotte 1
Minute 2
Mission 2
Mist 2
Mite 1
Mobile 2
Mobuis 2
Model 1
Modem 2
Money 1
Monica 2
Month 1
Moss 1
Motorola 1
Mount 1
Mouse, 1
Muhammed 1
Multi-Pro 1
Multi-Purpose 2
Multi-Size 1
Multi-Task 1
Multi-Use 1
MultiUse 1
Multimedia 1
Multipurpose 2
My 2
Natural 2
Navigator 1
Neat 1
Neola 1
Neon 1
Network 1
Newell 2
Nickel-Plated 1
Nicole 1
No 2
Noah 1
Non-Flip 1
Non-Folding 2
Nonstudded, 1
Norling 1
Northwest 1
Note 1
Novimex 1
Nu-Dell 1
Numbered 1
Numbers 1
Numbers, 1
Numerals 1
Nunavut 1
O'Donnell 1
O'Sullivan 2
OIC 1
Oak 2
Occasional 1
Office 2
Okidata 2
Olson 2
Open 2
Opener 2
Openers 1
Openers, 2
Operated, 1
Optional 1
Order 1
Organization 2
Organizer 2
Oriole 1
Out 1
Out" 1
Outlet 2
Outlets 1
P1-DHIII 1
P100 1
PB300 1
PB500 1
PC 2
PC-428 1
PC1060 2
PC940 1
PCI 1
PS/2 2
Packaging 1
Padded 1
Pads 1
Page 2
Page, 2
Pagoda 2
Paige 1
Palais 1
Palm 1
Panasonic 2
Panel 2
Panel/Partition 1
Paper 2
Paper, 2
Papers 1
Parchment 1
Part, 1
Paul 1
Pearl 1
Peel 2
Pelletier 1
Pen 1
Pencil 2
Pencil, 2
Pencils 2
Pencils, 2
Pennant 2
Pens 2
Perf 1
Perforations 2
Peripherals 2
Perma 2
Personal 2
Pewter 1
Philip 1
Phone 2
Phone, 1
Photo 1
Piano-Hinge 1
Picture 1
Pile 2
Pillow 1
Pine 1
Pins 1
Pins, 1
Pizazz 1
Pizzaz 1
Plain 1
PlanMaster 1
Plastic 2
Plastic, 1
Plastics 1
Platinum 2
Plum 1
Plus 2
Plymouth 1
Pneumatic 1
Pocket 1
Pockets 2
Pointe 2
Polarizing 2
Poly 2
Polycom 1
Polyproplyene 1
Portable 2
Portapower 1
Post 1
Poster 1
Posts 2
Power 2
Prang 2
Pre-Punched 1
Premier 1
Premium 2
Prepunched 2
Presentation 1
Pressboard 2
Presstex 1
Price 1
Primaris 1
Prince 2
Print 2
Printable 1
Printer 2
Printers 2
Printers, 1
Printing 2
Printout 2
Prismacolor 1
Pro 2
ProFile 1
Professional 1
Professional, 1
Programmable 1
Project 2
Protection 2
Protector 2
Protector, 2
Punch 1
Punched 2
Purifier 2
Push 2
Quantum 2
Quick 1
Quick-Snap 1
Quietcare 2
R280 1
R380 2
Racetrack 1
Racks, 1
Radford 1
Radial 1
Ralph 1
Receipt 1
Recessed 1
Rechargeable 1
Rectangular 2
Recycled 2
Red, 1
Redi-Letter 1
Rediform 2
Reed 1
Reel 1
Refrigerator 1
Refrigerators 2
Regency 2
Regeneration 2
Reichenbach 1
Remote 1
Replacement 1
Reply 1
Revere 1
Rewritable, 2
Rich 1
Rick 2
Ridgewood 1
Ring 2
Rings, 1
Riverleaf 1
Riverside 1
Rob 1
Robotics 2
RollaMat 1
Rollaway 1
Room 2
Room, 1
Rosenblatt 1
Round 2
Rounded 2
Roy 2
Royal 1
Royale 1
Rozendal 1
Rubber 2
Rubbermaid 1
Ruled 1
Rulers 2
Rupert 1
Rush 1
S.O.S. 1
S750 1
SAFCO 2
SANFORD 2
SB4200 1
SC7868i 1
ST7762 1
STOR-ALL 1
Safco 1
Safety 2
Sally 1
Sand 1
Sanford 1
Sanitaire 2
Sanjit 1
Sanyo 2
Sarah 1
Satellite 1
Sauder 2
Saver 1
Saver, 1
Schild 1
Schneider 1
Schnelling 1
Scientific 1
Scissors 2
Scissors, 2
Scoop 1
Scooter 1
Scratch 1
Seal 1
Seam 2
Seam, 1
Seating 1
Section, 1
Sectional 1
Security-Tint 1
Seel 2
Seio 1
Self-Adhesive 2
Self-Seal 1
Self-Stacking 1
Series 2
Serrated 1
Set 2
Set, 1
Seth 1
Sets 2
Shape 1
Shaped 2
Shark 2
Sharp 2
Sharpener 2
Sharpener, 2
Shears 1
Sheet 1
Sheets, 1
Sheffield 2
Shelf 1
Shelving 2
Shelving, 1
Short 2
Side 1
Silver 2
Simplefile 1
Single 1
Single-Width 2
Sink 1
Size 2
Size- 1
Skaria 2
Sky 1
Skye 1
Slant-D 2
Slim 2
SlimLine 1
Slimline 1
Slips 1
Slotted 1
Smart 2
Smartsocket 1
Smith 1
Smoke 1
Snap-A-Way 2
Snap-Together 2
Soft 1
Softgrip 2
Solar 1
Solid 1
Soltero 2
Sonecor 1
Sonia 1
Soundgear 1
SouthWestern 1
Southworth 1
Space, 1
Spacemaker 1
Spanish 1
Speed 2
Speediset 1
Spindle, 2
Spine, 1
Spiral 1
Stack 1
Stackable 1
Stacker 2
Stacking 2
Stainless 2
Stamp 1
Stand 1
StandUp 2
Standard 2
Staples 2
Star 2
StarTAC 2
Starter 2
Staxonsteel 2
Steel 2
Steno 1
Stepped-Edge 1
Sterling 1
Stewart 1
Stick 2
Stik-Withit 1
Stix; 1
Stockwell 1
Stools 2
Stop 1
Stor/Drawer 2
Storage 2
Storm 1
Straight 1
Strathmore 1
Strictly 1
String 1
Strip 1
Strips 2
Studded 1
Studded, 2
Style 2
Stylus 1
Suede 1
Sunley 1
Super 1
SuperTray 1
Superior 1
Supplies 2
Suppressor, 1
Surelock 1
Surge 2
SurgeArrest 1
SurgeMaster 2
Susan 1
Swing 1
Swing-Arm 2
Swivel 2
Swivel/Tilt 2
Sylvia 1
System 2
System, 1
Systems 2
Systems, 2
T18 1
T193 1
T28 1
T39m 2
T61 1
T8367 1
TDK 2
TI 1
TL200 1
TL300 1
TOPS 1
Table 2
Table, 2
Tables 2
Tacks 2
Talkabout 1
Tank-Style 2
Tape 1
Task 2
Task/Swivel 1
Telephone 2
Telephones 2
Telescoping 2
Ten-Outlet 1
Tenex 2
Tennsco 2
Territories 1
Textured 1
The 1
Therm-A-Bind 2
Thomas 2
Thompson 1
Three 1
Ticonderoga 2
Tilter 1
Tilter, 2
Time 1
Time/Day 1
Timeport 2
Toby 1
Top 1
Top, 1
Top-Opening 1
Tops 1
Tote 2
Towers 1
Training 1
Transparent 1
Trapezoid 1
Tray, 1
Trimline 1
Trimmers 2
Triplicate 1
Trolley 1
Troy 1
Tube, 2
Turbo 2
Turquoise 1
Twin 1
Twister 1
Two-Color 1
Two-Line 1
Type 2
Typewriters 2
Tyvek 1
U.S. 2
US 1
USB 1
USB/PS/2 1
Ultimate 1
Ultra 1
Unbreakable 1
Unformatted 1
Unit 1
United 1
Units 2
Units, 2
Universal 2
Unpadded 1
Up 1
Upholstered 2
Upright 2
Upright, 1
Use 2
Utility 2
V 1
V.44 1
V.92 2
VT20-2481 1
VTech 1
Vac 2
Vacuum 2
Vacuum, 1
Valve 1
Vanderzanden 1
VeloBinder 2
Verbatim 2
Vernon 1
Very 1
ViaVideo 1
Vibra 2
Video 1
Videoconferencing 1
View 2
ViewStation 1
Vinyl 2
Vista 1
Visual 1
Vittorini 1
Voice 1
W/Dividers/Space 1
WORLD 1
Waiting 1
Wall 2
Wardle 1
Warm 2
Wasserman 1
Watercolor 1
Watt 2
Watts, 1
Wausau 1
Wave 1
Weirich 1
Weiss 1
Were 2
West 1
Westfield 2
While 1
White 2
White, 2
Wide 1
Williams 1
Wilson 2
WindTunnel 1
Wire 2
Wirebound 2
Wireless 1
With 2
Wood 2
Wood-Tone 1
Woodland 2
Woodline 1
Work 1
Workstation 1
Write 1
X 2
X-Base 1
X-Rack 1
Xerox 2
XtraLife 1
Yellow 2
You 2
Z25 1
Z54se 1
Z55se 1
Zoom 1
adjustable 1
and 2
arms, 1
authoring 2
blue, 1
by 2
chair 1
covers 2
disc 2
enhanced 1
for 2
function 1
g520 1
green, 1
i1000 1
i470 1
i95 1
iDEN 1
iLevel 1
imageCLASS 1
in 2
interface 2
keyboard, 1
keypad 2
lbs., 1
n' 1
of 1
or 2
orange), 1
per 2
pink, 1
platinum 1
power 1
sheets 1
shelf, 1
stackable 1
storage 1
strip 1
the 1
to 2
up 1
vLetter 2
w/ 1
w/Answering 1
w/Champagne 2
w/Frequently-Called 1
w/Velcro 1
with 2
without 1
x 2
10.94 1
10.97 2
10.98 2
10/Box 1
10/Pack 2
100 1
100.8 1
100.89 1
100.98 2
100/Box 1
100/Pack 2
1000 1
10022 1
10048 1
1009.38 1
101 1
101.13 1
10144 1
102 1
102.3 1
102.58 1
1026.07 1
1028 1
103 1
103.16 1
103.38 1
103.83 1
10310 1
10369 1
1037.55 1
104 2
104- 1
104-Key 2
104.85 1
1040 1
10432 1
10435 1
10437 1
10499 1
105 1
105-Key 1
105.34 1
105.98 2
10535 1
106 1
106.53 1
1061.61 1
1063.46 1
10661 1
1068.48 1
10692 1
107 1
107-key 1
107.53 1
107.93 1
10789 1
10791 1
108 1
108.01 1
10851 1
10852 1
109 1
109.16 1
109.33 1
109.88 1
10945 1
10951.31 1
11 2
11" 2
11", 2
11-1/2" 1
11.09 1
11.15 1
11.17 2
11.25 2
11.29 1
11.34 1
11.37 1
11.46 1
11.48 1
11.5 2
11.54 1
11.55 1
11.58 1
11.59 1
11.63 1
11.66 2
11.79 1
11.94 1
11.97 2
110 1
110.2 1
110.98 1
110.99 2
111 1
111.03 2
111.52 1
11137 1
1115.69 1
112 1
112.35 1
112.36 1
11202 1
11269 1
113 1
113.98 1
11362 1
114 1
114.46 1
11456 1
11460 1
11495 1
115 1
115.21 1
115.54 1
115.99 2
1151.69 1
1154 1
11553 1
116 2
116.10 1
1166.40 1
1166.93 1
117 1
1176.48 1
11776 1
11782 1
118 1
118.94 1
1187 1
119 1
119.09 1
119.64 1
11911 1
11941 1
1196.37 1
11968 1
1198.97 1
12 2
12" 2
12-1/2 2
12-3/4 1
12-Digit 1
12.00 1
12.21 1
12.22 2
12.28 2
12.32 1
12.39 1
12.44 1
12.53 1
12.58 2
12.65 1
12.76 1
12.88 2
12.95 2
12.98 2
12/Box 1
12/Pack 2
120 1
120.97 1
120.98 2
12096 1
121 1
121.48 1
1215.44 1
12199 1
122 1
122.21 1
122.41 1
122.99 2
12289 1
12293 1
123 1
1234.57 1
12352 1
124 1
124.49 2
1240.25 1
12419 1
1243.17 1
12485 1
125 1
125.99 2
12544 1
126 1
126.03 1
1260.51 1
1261.44 1
1265.82 1
1269.05 1
127 1
127.70 1
1270.99 1
12704 1
12771 1
12773 1
128 1
128.24 1
1280.19 1
12806 1
1282 1
129 1
1292.44 1
12929 1
12934 1
13 2
13" 2
13-1/2 1
13-3/4" 1
13.04 1
13.18 1
13.22 1
13.26 1
13.32 1
13.48 1
13.66 1
13.79 1
13.84 1
13.88 1
13.89 1
13.9 1
13.99 2
130 1
130.98 2
131 1
131.12 1
13120 1
1314 1
13158 1
132 1
1325.82 1
13280 1
133 1
133.30 1
133.83 1
13313 1
13346 1
134 1
134.72 1
1344 1
135 1
135.65 1
135.79 1
135.99 1
13507 1
136 1
136.98 2
1360.14 1
13604 1
137 1
13702 1
1374.95 1
13795 1
138 1
138.14 1
1380.32 1
139 1
13927 1
14 2
14" 2
14.01 1
14.03 1
14.19 2
14.2 1
14.27 1
14.3 1
14.34 1
14.35 1
14.36 1
14.45 2
14.48 2
14.49 2
14.52 1
14.58 1
14.7 2
14.72 2
14.81 1
14.83 1
14.87 1
14.97 1
14.98 2
140 1
140.01 1
140.81 2
140.85 1
140.98 2
140.99 2
141 1
1411.03 1
14116 1
1412 1
1418.36 1
142 1
142-Key 1
14275 1
143 1
14372 1
14375 1
144 1
1443.35 1
145 1
145.45 1
14535 1
1459.79 1
146 1
146.34 1
14627 1
1465.87 1
1467.82 1
147 1
147.12 1
147.45 1
14726 1
148 1
14819 1
14852 1
149 1
149.64 1
149.83 1
15 1
15.01 2
15.04 1
15.1 1
15.14 1
15.22 1
15.27 1
15.28 1
15.31 1
15.51 2
15.59 1
15.67 1
15.7 2
15.73 1
15.74 2
15.82 1
15.9 1
15.94 1
15.98 2
15.99 1
150 1
150.98 2
1500.97 1
15044 1
151 1
15106 1
15108 1
1512.07 1
15139 1
152 1
152.48 1
1520 1
15205 1
153 1
153.80 1
15329 1
1539 1
154 1
154.13 1
154.74 1
1540 1
1540cs 1
15463 1
155 1
155.06 2
155.69 1
155.72 1
155.99 2
15591 1
156 1
15618 1
15621 1
157 1
158 1
158.98 1
1581.93 1
159 1
15907 1
15937 1
16 1
16" 1
16.23 1
16.48 1
16.65 1
16.81 1
16.87 1
16.91 1
16.98 1
16.99 1
160 1
160.98 2
16039 1
161 1
161.13 1
161.48 1
161.55 1
16100 1
16193 1
162 1
162.83 1
162.93 1
16230 1
163 1
163.78 1
16320 1
1637.53 1
164 1
16419 1
16423 1
16451 1
165 1
165.98 1
16545 1
16547 1
166 1
1660.15 1
167 1
167.37 1
16701 1
16706 1
16741 1
16765 1
168 1
168.00 1
1680.79 1
169 1
16932 1
17 2
17' 1
17-key 2
17.05 1
17.08 2
17.24 1
17.48 1
17.67 1
17.78 2
17.85 1
17.98 2
17.99 1
170 1
170.08 1
170.98 1
1702 1
17090 1
171 1
171.26 1
171.59 1
171.82 1
172 1
172.99 1
1726 1
17283 1
17286 1
173 1
1730 2
17315 1
1733.47 1
17376 1
174 1
174.89 1
17409 1
175 1
175.99 1
176 1
176.04 1
176.67 1
176.87 1
1761 1
1765.48 1
177 1
177.66 1
177.98 1
17764 1
178 1
17826 1
179 1
179.29 2
179.99 2
1792 1
17926 1
18 1
18" 1
18-3/8w 1
18.06 1
18.23 1
18.45 1
18.97 2
18.98 1
18.99 1
180 1
180.98 2
18080 1
181 1
181.53 1
18113 1
18144 1
1818, 1
182 1
182.15 1
182.55 2
18210 1
18247 1
18273 1
183 1
183.53 1
18308 1
184 1
18471 1
185 1
185.32 1
1856 1
186 1
186.64 1
1864.66 1
187 1
18788 1
188 1
1881 1
1881.58 1
1882 1
1885 2
1887 1
18887 1
189 1
1891 2
1892 1
1893 1
1897 1
1898 1
1899 1
19 1
19-Hole, 2
19.19 1
19.20 1
19.23 1
19.68 1
19.84 1
19.86 1
19.94 1
19.95 1
19.98 2
19.99 2
190 1
19010 1
1902.24 1
1904 1
19042 1
1905 2
1906 1
19073 1
19074 1
19078 1
191 1
191.29 1
191.47 1
19138 1
1919 1
192 1
192.33 1
1920 1
1924 1
1925 1
1928 1
1929 1
193 1
193.17 2
1930 1
1932 1
1935 1
1936 2
19365 1
1938 1
1938.02 1
1939 1
194 1
194.3 1
1940 1
1941 1
195 1
195.16 1
195.99 2
19500 1
1951.30 1
1953 1
196 2
19617 1
1962 1
19655 1
1966 1
19686 1
197 2
1971 2
1976 1
1977 1
1978 1
198 1
1980 1
19813 1
1982 1
1983 1
1985 1
1989 1
199 2
199.99 1
1992 1
1993 1
1994 1
1995 1
2 2
2", 1
2-Door 1
2-Shelf 1
2-Way 1
2-way 1
2.01 1
2.04 1
2.06 1
2.08 2
2.13 1
2.16 1
2.17 1
2.18 2
2.21 1
2.23 1
2.25 1
2.27 2
2.28 1
2.30 1
2.35 1
2.39 1
2.4 2
2.47 1
2.4GHz 1
2.5 2
2.56 1
33894 1
339 1
339.75 1
3390 1
33922 1
34 2
34.2 1
34.54 1
34.58 1
34.76 1
340 1
340.88 1
34048 1
341 1
34177 1
342 2
34215 1
3424.22 1
34241 1
34246 1
34275 1
343 1
344 1
34434 1
34438 1
345 1
346 1
34631 1
347 1
34753 1
348 1
348.21 1
34816 1
34880 1
349 1
349.45 1
34978 1
3499.99 1
35 2
35.02 1
35.09 1
35.44 1
35.67 1
35.84 1
35.89 1
35.99 2
350 1
35011 1
35047 1
3506.24 1
351 1
35141 1
352 1
3521 1
3524 1
35266 1
353 1
353.20 1
35300 1
35364 1
354 1
354.96 1
355 1
355.98 2
35558 1
356 1
357 1
358 1
35812 1
35847 1
359 1
36 2
36.09 2
36.55 1
36.61 1
36.64 1
360 1
3600 1
36001 1
36068 1
361 1
36134 1
36135 1
362 1
36293 1
363 1
363.25 1
364 1
365 1
365.42 1
36516 1
366 1
366.48 1
366.51 1
36644 1
36646 1
36677 1
367 1
367.12 1
36707 1
368 1
369 1
36930 1
36X 1
37 1
37.33 1
37.58 1
37.73 1
37.79 1
37.94 1
370 1
370.98 1
37063 1
371 1
37185 1
372 1
372.26 1
372.36 1
37253 1
37281 1
373 1
37315 1
374 1
375 1
37541 1
376 1
376.13 1
37634 1
377 1
37793 1
37798 1
378 1
37860 1
37888 1
379 1
37925 1
38 1
38.02 1
38.23 1
38.76 1
38.94 1
380 1
38017 1
38021 1
381 1
381.17 1
382 1
38272 1
383 1
38310 1
38336 1
384 1
385 1
38565 1
386 1
387 1
387.99 1
388 1
38884 1
389 1
39 1
39" 1
39.06 1
39.24 2
39.29 1
39.48 2
39.61 1
39.63 1
39.89 1
39.90 1
39.98 1
39.99 1
390 1
3908 1
391 1
391.60 1
392 1
393 1
393.41 1
39301 1
39364 1
39367 1
394 1
394.45 1
39457 1
395 1
395.12 1
396 1
39655 1
39683 1
397 1
39783 1
398 1
39846 1
399 1
399.37 1
399.93 1
3M 2
4 2
4" 2
4-Ring 1
4-Shelf 2
4.06 2
4.08 1
4.1 1
4.13 2
4.14 2
4.15 1
4.17 1
4.2 2
4.22 1
4.28 2
4.34 1
4.37 1
4.38 1
4.39 2
4.4 1
4.41 1
4.43 1
4.45 1
4.48 2
4.5 2
4.51 1
4.53 1
4.55 1
4.57 1
4.58 1
4.59 1
4.62 1
4.65 1
4.69 1
4.71 1
4.75 2
4.76 1
4.77 1
4.79 1
4.7GB 2
4.8 1
4.81 2
4.82 1
4.84 1
4.86 1
4.89 1
4.90 1
4.91 2
4.92 1
4.93 1
4.95 2
4.96 1
4.97 1
4.98 2
4.99 1
4/Carton 1
40 2
40.19 1
40.32 1
40.48 1
40.89 1
40.96 1
40.97 2
40.98 2
40.99 2
400 2
40036 1
40067 1
4007 1
401 1
40132 1
40160 1
402 1
4027 1
403 1
40327 1
404 1
40480 1
405 1
40518 1
406 1
407 1
407.44 1
4070 2
408 1
40800 1
40803 1
40804 1
40806 1
40835 1
40871 1
409 1
40902 1
41 1
41.32 1
41.47 1
41.67 1
41.71 1
41.91 1
41.94 1
410 1
41063 1
411 1
41153 1
41184 1
412 1
413 1
4132 1
414 1
41409 1
415 1
415.55 1
415.88 1
41570 1
416 1
41696 1
417 1
417.4 1
418 1
418.19 1
419 1
41991 1
42 2
42.27 1
42.34 1
42.76 2
420 1
420.98 1
4200 1
421 1
422 1
42209 1
423 1
423.87 1
424 1
424.14 1
424.21 1
424.36 1
42400 1
425 1
425.08 1
42500 1
42561 1
42564 1
426 1
42695 1
427 1
42754 1
428 1
429 1
42918 1
42944 1
42981 1
43 1
43.31 1
43.32 2
43.35 1
43.41 1
43.72 1
43.75 1
43.98 1
430 1
431 1
43109 1
432 1
43203 1
43236 1
43267 1
433 1
433.63 1
43329 1
43330 1
43364 1
43392 1
434 1
435 1
43523 1
436 1
437 1
437.07 1
43781 1
438 1
439 1
439.77 1
43w 1
44 1
44.10 1
44.37 1
44.54 1
44.55 1
440 1
440.72 1
44037 1
44071 1
441 1
4416 1
44162 1
44199 1
442 1
442.14 2
44231 1
44256 1
443 1
44320 1
44387 1
444 1
445 1
44519 1
4454 1
44576 1
446 1
447 1
44708 1
44766 1
44772 1
448 1
44839 1
449 1
449.99 1
45 2
45.00 1
45.14 1
45.19 2
45.51 1
45.98 1
45.99 1
450 2
451 1
452 1
45217 1
453 1
453.65 1
45377 1
454 1
45440 1
455 1
455.02 1
455.37 1
45573 1
456 1
45601 1
45606 1
457 1
457.81 1
45763 1
45766 1
458 1
458.98 1
45861 1
459 1
45957 1
46 1
46" 2
46.41 1
46.71 1
46.89 2
460 1
461 1
46119 1
4612 1
462 1
463 1
464 1
465 1
466 1
467 1
46756 1
4676 1
468 1
469 1
469.28 1
46912 1
46980 1
47 1
47.30 1
47.9 1
47.98 1
470 1
470.83 1
4700 2
471 1
472 1
473 1
47367 1
474 1
47460 1
47462 1
475 1
475.26 1
476 1
47620 1
477 1
47714 1
47749 1
47750 1
478 1
47846 1
47873 1
47876 1
479 2
479.95 1
47943 1
48 1
48" 2
48-Color 1
48.04 2
48.45 1
48.58 1
48.59 1
48.8 2
48.91 2
48.92 1
48.99 1
480 1
48067 1
481 1
481.70 1
48101 1
48165 1
48197 1
48199 1
482 1
48295 1
483 1
48388 1
484 1
48484 1
485 1
486 1
487 2
488 1
48839 1
489 1
489.02 1
49 2
49" 1
49.43 1
49.99 1
490 1
49029 1
49059 1
491 1
49154 1
492 2
49216 1
493 2
4938.78 1
494 2
495 1
49510 1
496 1
49634 1
497 2
498 2
499 1
499.99 2
49921 1
49952 1
49990 1
5 2
5" 2
5", 1
5-1/4d 1
5-3/4 1
5-Shelf 2
5-outlet 1
5.01 2
5.02 2
5.03 2
5.04 2
5.08 2
5.09 1
5.1 2
5.14 2
5.15 1
5.16 2
5.17 2
5.18 2
5.19 1
5.2 2
5.21 1
5.23 1
5.25 1
5.26 2
5.27 1
5.28 2
5.29 1
5.2GB 1
5.2GB, 1
5.3 1
5.31 1
5.33 2
5.34 2
5.37 1
5.4 2
5.41 1
5.42 2
5.43 2
5.44 1
5.45 1
5.46 1
5.47 2
5.49 1
5.5 2
5.53 2
5.57 1
5.58 2
5.6 2
5.63 1
5.66 2
5.67 1
5.68 2
5.72 1
5.74 2
5.76 2
5.77 1
5.78 2
5.81 2
5.83 1
5.84 2
5.85 2
5.86 2
5.88 1
5.89 2
5.9 1
5.90 1
5.92 2
5.94 1
5.97 2
5.98 2
5.99 2
5/Pack 1
50 1
50.66 1
50.98 2
50/Pack 2
500 1
500.97 1
736 1
737 1
737.94 1
738 1
739 1
74 1
74.07 1
74.35 2
74.64 1
740 1
741 1
741.27 1
7416.43 1
742 1
743 1
7430 1
744 1
745 1
746 1
747 1
748 1
7489 1
749 1
75 1
75.13 1
75.23 1
75.30 1
750 1
751 1
751.38 1
752 1
752.37 1
753 1
753.61 1
754 1
755 1
756 1
757 1
758 1
759 1
76 1
76.42 1
76.72 1
760 1
761 1
762 1
763 1
764 1
765 1
766 1
767 1
768 1
769 2
77 1
77.38 1
770 1
771 1
772 1
773 1
774 1
775 1
776 1
7760 1
777 1
778 1
779 1
78 1
78.65 2
78.69 1
78.86 1
78.96 1
780 1
781 1
782 1
782.91 1
783 1
784 1
785 1
786 1
787 1
788 2
789 1
79 1
79.59 1
790 1
7906 1
791 1
792 1
793 1
794 1
795 1
796 1
7968 1
797 1
798 1
799 1
8 2
8" 2
8"L 1
8-1/2" 2
8-1/2x11, 1
8.01 1
8.04 1
8.05 1
8.08 2
8.09 1
8.12 1
8.19 1
8.22 1
8.23 1
8.32 1
8.33 2
8.34 1
8.37 2
8.4 2
8.45 1
8.46 1
8.49 1
8.51 1
8.54 1
8.55 1
8.59 1
8.64 2
8.65 1
8.66 1
8.68 1
8.69 2
8.73 1
8.74 1
8.75 1
8.78 2
8.8 1
8.83 1
8.85 2
8.88 1
8.94 1
8.95 1
8.99 2
80 2
80.44 1
80.48 1
80.92 1
80.97 1
80.98 2
800 1
800/Box 1
801 1
801.72 1
802 1
803 1
804 1
805 1
806 1
807 2
808 1
809 1
81 1
81.71 1
81.98 1
810 1
811 1
812 1
813 1
813.35 1
813.49 1
813.83 1
8131 1
814 1
815 1
816 1
817 1
818 1
819 1
82 1
82.04 1
82.30 1
82.59 1
820 1
821 1
822 1
822.40 1
822.89 1
8227 1
823 1
824 1
825 1
826 1
8260 1
827 1
828 1
828.27 1
829 1
8290 1
83 1
83.1 1
83.84 1
83.93 1
830 1
831 1
832 1
833 1
834 1
835 1
836 1
837 1
838 1
839 1
8390 1
8391 1
84 2
84.84 1
840 1
841 1
8417.57 1
8419 1
842 1
843 1
844 1
845 1
846 1
847 1
848 1
849 1
85 1
85.29 1
85.63 1
85.81 1
85.96 1
85.99 2
850 1
851 1
852 1
853 1
854 1
8545 1
855 1
856 1
857 1
858 1
859 1
86 1
860 1
861 1
862 1
863 1
864 1
865 1
866 1
867 1
868 2
869 1
87 2
87.01 1
87.68 1
87.96 1
870 1
871 1
872 1
873 1
874 1
875 1
876 1
877 1
878 1
879 1
8793.54 1
88 1
88.72 1
88.80 1
880 1
880.98 1
881 1
882 1
883 1
8833 1
884 1
884.08 1
884.91 1
885 1
886 1
8860 2
887 1
888 2
889 1
89 1
89.45 1
89.56 1
89.60 1
890 1
891 1
892 1
893 1
894 1
895 1
896 1
896.99 1
897 1
898 1
899 1
8994 1
8995 1
9 2
9" 1
9", 1
9-3/4 1
9-Pocket 1
9.03 2
9.07 2
9.11 1
9.2 1
9.24 1
9.27 2
9.37 1
9.4 1
9.47 1
9.49 1
9.4GB, 2
9.54 2
9.59 1
9.65 1
9.68 1
9.72 1
9.73 1
9.77 1
9.78 2
9.99 1
9/16" 1
90 1
90.97 1
90.98 1
900 1
900.06 1
901 1
902 1
9027 1
903 1
904 1
905 1
905.57 1
906 1
907 1
908 1
909 1
91 1
910 1
911 1
912 1
9123 1
9126 1
9127 1
913 1
914 1
915 1
916 1
917 1
918 1
919 1
92 1
92.23 1
920 1
921 1
9216 1
922 1
923 1
924 1
925 1
926 1
927 1
928 1
929 1
93 1
93.36 1
93.80 1
930 1
930.99 1
931 1
932 1
933 2
934 1
935 1
935.80 1
936 1
937 1
938 1
938.26 1
939 1
94 1
940 1
94000 1
941 1
942 1
943 1
944 1
945 1
946 1
947 1
948 1
948.79 1
949 1
95 1
95.43 1
95.95 2
95.99 1
950 1
950.68 1
9509 1
951 1
952 1
953 1
9537 1
954 1
955 1
956 1
957 1
9573 1
9574 1
958 1
958.80 1
959 1
96 2
96" 1
960 1
961 1
962 1
963 1
964 1
965 1
965.48 1
966 1
967 1
968 1
969 1
97 1
97.16 1
970 1
971 1
972 1
973 1
973.16 1
974 1
975 1
976 1
9763 1
977 1
978 1
979 1
9792 1
98 1
98.31 1
98.32 1
980 1
981 1
982 1
983 1
983.55 1
984 1
985 1
986 1
9860 1
987 1
988 1
989 1
9892 1
99 1
99% 1
99.23 1
99.99 2
990 1
991 1
992 1
9927 1
993 1
994 1
995 2
996 1
997 1
998 2
999 1
A1228 2
ACCOHIDE 2
AL-1530CS 2
APC 1
APSCO 1
AT&T 1
Aaron 1
Abelman 2
Accent 2
Access 1
Accessories 2
Accessories, 2
Accessory 1
Accessory, 1
Accessory12 1
Accessory13 1
Accessory17 1
Accessory2 1
Accessory20 1
Accessory21 1
Accessory24 1
Accessory25 1
Accessory27 1
Accessory29 1
Accessory31 2
Accessory34 1
Accessory36 2
Accessory37 1
Accessory39 1
Accessory4 2
Accessory6 1
Accessory8 1
Accessory9 1
Acco 2
Accuwave 1
Acme 2
Acrylic 1
Adams 2
Adaptabilities 2
Adapter 1
Adapter, 1
Add-On 2
Address 2
Adesso 1
Adhesive 1
Adjustable 2
Adjustment, 1
Adrian 1
Advanced 1
Advantage 2
Advantus 2
Air 2
Airmail 1
Alan 1
Albany 1
Alder 1
Alex 1
All 1
Allen 1
Alliance 1
Aluminum 2
Ampad 1
Andreadi 1
Andrew 1
Angele 1
Angle 1
Angle-D 1
Angle-View 1
Ann 1
Anna 1
Annie 1
Answering 2
Anthony 2
Anti-Static 2
Antique 1
Antistatic 2
Appliances 2
Arch 1
Architect 2
Arco 2
Area, 1
Arm 2
Arm, 2
Armless 2
Arms 2
Arms, 1
Armstrong 1
Arnett 2
Array 2
Art 2
Assembled 2
Assorted 2
Astrobrights 1
Atkinson 1
Atlantic 2
Auto 1
Automatic 1
Avanti 1
Avery 2
Avila 1
B1-RE 1
BOSTON 1
BP1200DH 1
Back 2
Back, 1
Badders 1
Bagged 2
Bagless 1
Bags 2
Bands 2
Bands, 1
Bankers 2
Baptist 1
Bar 1
Barbara 1
Barchas 1
Barnes 1
Barrel 1
Barricks 2
Barry 1
Base 1
Base, 1
Bases 1
Basic 2
Battery 2
Battery-Operated 2
Becky 1
Beige, 1
Belkin 2
Bell 1
Bent 2
Bergman 1
Bern 1
Berol 1
Beth 1
Bevel 1
Beveled 1
Bevis 2
Bickford 1
Bin, 1
Bind 1
Binder 2
Binder, 2
Binders 2
Binding 2
Bindings 1
Bins 1
Bionaire 2
Black 2
Black, 1
Black/Gray 1
Blade 1
Blank 2
Blue 1
Blue, 2
Boat-Shaped 1
Bolton 1
Book 2
Book, 2
Bookcase, 2
Bookcases 2
Bookcases, 2
Books 2
Books, 2
Boss 1
Boston 2
Bottom 1
Box 2
Box, 2
BoxOffice 1
Boxed 1
Boxes 1
Brad 1
Braunhardt 1
Braxton 1
Brendan 1
Bretford 1
Brian 1
Brianna 1
Bright 1
Bright) 2
British 1
Brown 2
Brushed 1
Bryan 1
Bubble 1
Bulbs 1
Bull-Nose 1
Bulldog 1
Bullnose 1
Burgundy 2
Bush 2
Business 2
Button 1
By 1
C-Line 1
CD-R 2
CD-R, 1
CF 2
CR4500 1
Cabinet, 1
Cable 1
Cacioppo 1
Caffey 1
Calculator 2
Calculator, 1
Call 2
Caller 2
Canister 1
Canon 2
Capacity 1
Capacity, 2
Carbon 2
Carbonless 2
Card 1
Cardinal 2
Cards 2
Career 1
Cari 1
Carina 1
Carl 1
Carlos 2
Carmichael 1
Carpet, 1
Carpeted, 1
Carpeting 2
Carpets 2
Carroll 1
Cart 1
Carter 1
Carts 2
Case 2
Castell 1
Caster 1
Catalog 2
Center 2
Certificate 1
Chad 1
Chair 2
Chair, 2
Chairman 2
Chairmat, 2
Chairmats 2
Chairmats, 1
Chairs 2
Chairs, 2
Chand 1
Channel 1
Charcoal 1
Charles 1
Charlotte 1
Cherry 2
Childs 1
Chong 1
Christina 1
Christopher 1
Chromcraft 1
Chrome 1
Chuck 1
Cindy 1
Clairmont 1
Clamp 2
Clamp-On 1
Clasp 1
Class 2
Claudia 1
Clay 1
Cleaner 2
Cleaner, 1
Clear 1
ClearVue 1
Cleatmat 1
Clip 1
Clips 2
Clips, 1
Clock 2
Closer 1
Closure, 1
ClusterMat 1
Coated 2
Coffee 2
Col-Erase 1
Collection 2
Collins 1
Color 2
Color-Coded 1
Colored 2
Coloredge 1
Colorific 2
Colors 2
Columbia 1
Column 1
Comb 1
Combination 1
Combs 2
Comet 1
Comfortask 1
Command 2
Commerce 1
Commercial 2
Communication 2
Communications 1
Compact 2
Composition 2
Computer 2
Computer, 1
Concepts 2
Conference 2
Conquest 1
Consecutively 1
Contemporary 2
Contour 1
Contoured 1
Contract 1
Control 1
Controllerless 1
Contur 1
Cool 1
Copier 2
Copiers 2
Copper 1
Copy 2
CopyPlus 2
Copyboard 1
Cordless 2
Core-Lock 2
Corner 2
Corporation 1
Cotton 1
Cover 1
Covers 2
Covers, 1
Crate-A-Files 1
Creations 1
Creighton 1
Cu. 1
Cubes 2
Cubic 2
Cubicle 2
Cunningham 1
Curved 1
Custom 2
Cut 2
Cut, 1
Cyprus 1
D-Ring 2
D660 1
DAX 2
DFX-8500 1
DFX5000+ 1
DISKETTE 1
DIXON 1
DS 1
DS, 2
DS-HD 1
DS/HD 1
DVD+R, 1
DVD+RW 1
DVD+RW, 2
DVD-R 2
DVD-RAM 2
DVD-RAM, 2
DXL 1
Daly 1
Dan 1
Dana 2
Dark 2
Data 2
DataLife 2
Davis 1
DeCherney 1
DeMoss 1
Deflect-o 2
Degree 1
Delfina 1
Deluxe 2
Dennis 1
Desert 1
Design 2
Design, 1
Designer 2
Desk 2
Deskjet 1
Desktop 1
Desktop, 2
Diagonal 2
Diameter 2
Digital 2
Discs 1
Diskettes, 2
Display, 1
Disposable 2
Divider 1
Dixon 2
DocuBind 2
Document 2
Dodson 1
Don 1
Door 1
Doorstop, 2
Dorothy 1
Dot 2
Double 1
Double-Tier 1
Doug 1
Drafting 1
Drawer 2
Drawers 2
Drawing 2
Dual 2
DublLock 2
Duo 1
Duplicate 1
DuraMat 1
Durable 2
Duston 1
Duty 1
E-Z-D 1
EB-19 1
EL500L 1
EL501VB 1
Easel 2
Eason 1
Easy 1
EconoMat 1
Econocleat 1
Economy 2
Edward 2
Eldon 2
Electric 2
Electrix 1
Elements 2
Elements, 1
Elevations 1
Elite 2
Elliptical 1
Emily 1
Employee 1
End 2
Energy 1
Engle 2
Enhanced 1
Enterprise 1
Envelopes 2
Envelopes, 2
Envelopes,4 1
Enviracaire 1
Epson 2
Erasers 1
ErgoBoard 1
Ergonomic 2
Erica 1
Eugene 1
Eureka 2
Euro 2
Evan 1
Every-Day 2
Executive 2
Expanding 1
Expressions 2
External 2
Extra 1
Extra-Heavyweight 1
FA970 1
Fabric 2
Facets 1
Fax 2
Fax/Mobile 1
Fax/Phone 1
FaxModem 1
Faxmodem 2
Federle 2
Fellowes 2
File 2
File, 2
File/Stacking 2
Files 2
Filia 1
Filing 2
Filter 1
Finish 2
Finish, 2
First 2
Fisher 1
Fiskars 2
Flags 2
Flex 1
Flexible 1
Flip 1
Flip-Chart 1
Floodlight 1
Floor 2
Flourescent 2
Flow 1
Fluorescent 1
Folder 2
Folders 2
Folding 2
Foot 2
For 1
Forest 2
Forged 2
Format 1
Formatted 2
Forms 2
Foster 1
Foulston 1
Four 2
Four-Pocket 1
Fraction 1
Frame 2
Frame, 2
Frames 2
Frank 2
Fred 1
French 2
Front 2
Ft. 1
Fuji 1
Fully 2
Function 1
Furnishings 2
G.E. 1
GBC 2
GE 2
Gallery 1
Garza 1
Gauge 2
Gene 1
General 2
Giant 2
Giulietta 1
Gjertsen 1
Glantz 1
Global 2
Gloss 1
GlueTop 1
Go 1
Gobal 1
Gold 2
Goldtone 1
Goldwyn 1
Gonzalez 1
Gould 1
Grade 1
Grady 1
Grain 2
Granite-Look 1
Grant 1
Graphite/Black 1
Gray 2
Gray/Clear, 1
Greg 1
Groomer 2
GuestStacker 2
Guthrie 1
Guy 1
H323 1
HEPA 2
HGHLD3.52HD/FM, 1
HOMEOFFICE 1
HP 2
Haberlin 1
Hale 1
Half-Moon 1
Halogen 2
Hammermill 2
Hand 1
Handle 1
Handles, 2
Handset 1
Hane 1
Hangers 1
Hanging 2
Hansen 1
Hard 1
Hardbound 1
Harmony 1
Harold 2
Haushalter 1
Head 2
Heather 1
Heavy 2
Heavy-Duty 2
Heavyweight, 1
Heigh-Adjustable 1
Height 1
Height-Adjustable 1
Helen 2
Henry 1
Heritage 1
Hewlett-Packard 1
Hi-Liter 1
Hierlooms 1
High 2
High-Back 2
Highback 1
Highlighters 2
Highlighting 1
Hilary 1
Hill 1
Hills 2
Holden 1
Holder 1
Holder, 1
Holders 1
Holdit 1
Holiday 1
Holmes 2
Home/Office 1
Hon 2
Honeywell 2
Hood 1
Hooks 1
Hooks, 1
Hoover 2
Hot 1
Howard 2
Humidifier/Vaporizer 2
Hunt 1
Hunter 1
I 2
IBM 2
IBM-Formatted 1
ID 1
ID*, 1
ID/Call 1
II 2
Ibico 2
Ideas 1
Image 2
Imation 2
Impact 1
Impressions 2
Imprintable 1
In 1
Indoor 1
Industrial 2
Ink 1
Inkjet 2
Innovations 2
Internal 1
Internet 2
Interoffice 2
Island 2
JB700 1
Jack 2
Jackson 1
Jamie 1
Jenna 1
Jennifer 1
Jeremy 1
Jet 1
Jet-Pak 1
Jewel 2
Jim 2
Jocasta 1
Johnson 2
Jones 2
Joy 2
Julia 1
Julie 1
Jumbo 2
Just 1
Justin 1
KF 1
KP-310 1
KP-350BK 1
KS 1
KX-P1150 1
KX-P3200 1
KX-TM150B 1
Karlsson 1
Keepers 2
Kelly 1
Kensington 2
Key 2
Keyboard 2
Keyboard, 2
Keytronic 1
Kimberly 1
Kirkland 1
Kit 1
Kit, 1
Kleencut 1
Knight 2
Knutson 1
Kraft 1
Kunitz 1
L7089 2
LQ-570e 2
LX 2
Label 1
Labels 2
Labels, 1
Laid 1
Laminate 1
Lamp 2
Lamps 2
Large 1
Laser 2
Latchford 1
Lawyers 1
Lead 1
Leather 2
Leatherette 1
Lebron 2
Ledger-Size, 1
Legal 1
Legs, 1
Lena 1
Lesro 2
Letter 2
Letter, 1
Letter-Trim 2
Letter/Legal 1
Level, 2
Lexmark 2
Library 2
Library, 2
Lichtenstein 1
Lid, 2
Lifetime 1
Lifters 1
Light 2
Lightweight 1
Linden 1
Line 2
Linen 1
Linen-Style 1
Lip 1
Liquid 2
Lisa 1
Lock-Up 2
Locker/File 1
Lockers 1
Lockers, 2
Locking 1
Log 1
Logan 1
Logitech 1
Longer-Life 1
Lonsdale 1
Loop 2
Low 2
Low-Back 1
Ludwig 1
Luke 1
Luxo 1
M3682 1
ML390 2
ML395C 1
MP100DHII 1
MP41DH 2
Mac 1
MacIntyre 1
Machine 2
Machines 2
Macintosh 1
Magazine 1
Magee 1
Magna 1
Magnetic 1
Magnifier 1
Mailers 2
Major 1
Manager 2
Managers 2
Manila 1
Manitoba 1
Manor 1
Manual 2
Map 2
Marina 1
Markers 1
Martin-Yale 1
Master 2
MasterPiece 2
Mat 2
Mat, 2
Matrix 2
Mats 2
Matt 1
Maxell 2
Maxi 1
McAdams 1
McCrossin 1
Media 1
MediaBoard 1
Medium 2
Meeting 1
Melton 1
